6000
0.4 83.9
31.1 70.9
46.8 19.4
49.3 74.7
45.3 35.4
22.6 79.6
63.7 62.1
41.2 93.3
67.0 49.5
37.8 49.8
54.9 61.6
96.7 5.3
93.3 8.3
73.7 9.1
6.9 5.9
75.9 41.0
27.2 30.8
12.8 48.6
72.4 72.4
36.9 77.2
18.9 5.1
51.0 71.5
97.2 56.9
66.4 59.9
79.8 10.8
84.9 98.0
25.1 34.3
13.5 70.8
5.8 93.0
89.3 86.3
60.0 39.5
2.7 70.6
78.5 84.8
23.0 51.1
81.9 50.3
74.8 52.9
46.6 61.1
2.1 10.5
55.4 45.8
87.2 64.8
29.8 21.5
19.0 69.5
4.7 13.5
50.2 13.3
15.6 91.1
14.0 51.3
43.1 84.3
75.8 34.2
37.6 0.2
38.0 52.2
5.3 6.3
36.1 89.6
23.6 11.2
61.4 79.0
15.5 85.6
51.4 21.0
38.8 38.3
43.5 47.7
22.6 53.2
15.8 28.2
93.0 85.1
49.3 18.4
67.5 35.0
85.4 92.0
20.0 50.3
62.8 32.5
0.6 12.5
65.5 20.9
0.4 40.2
80.1 75.6
71.8 92.3
53.6 47.8
79.2 93.3
24.9 55.4
10.8 5.5
0.7 78.3
26.6 26.3
52.1 66.7
59.1 46.2
29.4 97.9
30.7 90.8
0.5 7.1
47.8 76.4
14.6 29.7
98.5 95.6
77.5 12.2
92.5 76.9
74.7 60.9
81.0 24.8
65.5 50.6
86.5 53.6
21.1 32.8
97.1 15.6
83.7 24.8
40.1 27.5
77.0 97.6
8.1 93.5
15.0 66.9
72.8 83.8
17.6 13.8
63.3 72.8
24.9 26.2
27.8 70.6
67.2 18.1
13.9 7.5
38.8 52.6
94.1 95.0
84.9 30.8
85.7 22.0
27.6 35.8
4.0 77.8
59.0 3.5
15.2 49.1
45.3 48.4
0.1 45.7
11.8 66.9
8.4 46.5
11.9 56.8
7.8 21.9
51.6 51.5
87.5 85.3
36.7 56.6
22.3 83.9
46.2 38.4
76.4 92.9
61.8 45.0
40.8 29.7
50.7 90.1
24.7 95.3
79.5 0.4
79.8 79.1
29.6 83.1
89.0 51.7
12.2 87.1
11.0 57.6
31.4 0.7
93.2 43.5
30.1 67.9
79.8 10.8
70.5 68.3
99.2 87.9
21.6 51.2
14.3 47.7
85.1 42.9
95.9 87.7
20.7 12.0
14.7 10.9
31.4 37.6
84.5 41.9
44.0 42.6
46.8 63.9
28.2 51.0
10.0 69.4
46.1 5.1
70.1 42.4
45.2 6.3
70.6 26.6
40.4 8.6
8.4 1.1
55.8 75.4
32.1 30.3
95.5 65.0
3.2 87.6
65.9 94.4
15.1 49.9
41.7 55.3
8.8 64.3
24.0 41.0
59.2 77.7
87.6 99.9
66.3 59.0
15.6 44.3
97.2 9.8
41.1 48.9
26.1 98.2
36.6 97.0
30.1 82.9
47.2 34.4
14.4 92.5
81.7 66.9
14.0 76.3
71.0 23.1
89.8 89.7
92.9 30.3
9.0 91.7
86.0 87.4
78.0 23.7
96.0 59.7
88.8 36.8
60.7 0.6
59.6 56.8
22.5 63.2
71.2 38.0
9.2 43.9
97.4 74.1
63.0 89.5
94.9 35.4
39.8 76.6
26.6 80.5
86.0 92.3
75.2 47.5
59.8 50.5
42.0 50.3
66.0 98.9
34.7 16.2
11.1 84.2
24.8 63.8
74.8 43.6
88.1 84.8
67.6 64.9
46.5 51.6
76.9 99.9
53.2 36.3
95.8 73.3
87.7 97.5
39.1 87.2
11.7 81.7
97.0 80.9
29.1 39.6
91.7 48.7
24.0 69.2
23.0 99.5
52.6 33.5
97.3 89.7
21.1 0.2
45.7 29.3
3.2 42.4
34.1 16.5
7.0 52.9
50.0 16.7
60.0 77.3
76.7 69.7
44.3 2.9
48.7 18.0
19.8 10.6
13.0 92.1
48.1 49.9
20.6 13.0
6.6 28.6
75.7 65.4
95.7 34.0
61.1 30.6
95.3 70.9
98.4 25.0
28.4 13.8
37.8 19.4
66.5 13.1
48.2 92.0
61.1 74.4
66.6 27.6
59.3 70.1
95.4 36.3
40.1 46.1
50.4 63.3
28.9 49.6
10.9 53.4
61.3 39.7
2.0 54.1
61.1 70.1
28.4 34.4
32.9 25.5
15.5 48.3
80.0 25.1
17.4 32.5
44.2 63.4
21.5 25.9
49.6 34.7
49.0 64.9
23.6 11.1
53.0 24.7
97.5 47.7
68.8 52.9
31.1 78.7
89.8 53.2
16.1 41.2
43.7 23.8
70.4 93.1
53.3 31.8
98.9 66.4
29.6 59.6
78.0 83.6
24.3 85.7
86.6 1.3
80.6 29.0
2.0 46.2
69.7 62.0
50.3 96.6
81.4 33.5
17.3 26.7
74.4 73.6
27.4 2.5
0.8 37.0
57.6 97.8
53.6 49.6
49.1 82.0
56.1 59.3
11.4 29.9
11.1 1.9
28.4 77.2
84.5 69.6
6.7 32.2
32.8 32.8
64.8 97.7
64.9 55.5
14.9 86.3
58.2 81.0
18.4 9.5
8.3 88.4
97.9 72.4
92.6 21.6
28.3 0.1
56.2 48.1
73.2 87.8
38.5 53.7
22.4 87.7
30.7 47.9
59.5 57.1
58.1 78.6
90.6 21.2
65.6 60.4
31.1 94.3
61.0 56.7
88.4 76.7
34.0 29.0
58.8 9.5
88.0 32.1
86.6 84.5
17.0 96.1
35.1 41.6
40.6 61.4
40.6 33.8
68.5 84.6
90.3 14.7
70.9 95.3
18.0 29.6
77.0 19.1
89.8 47.7
37.4 70.6
76.1 64.2
39.0 69.2
39.6 70.0
20.1 1.2
39.4 83.6
81.2 57.5
28.2 74.6
0.6 33.0
32.5 68.2
85.8 23.4
23.3 14.1
80.4 70.2
26.6 91.6
19.5 91.8
68.1 30.8
10.2 97.3
8.3 76.5
15.2 2.2
94.9 55.6
25.8 94.5
54.9 3.2
7.4 97.4
65.2 59.9
55.1 78.8
91.5 98.0
30.4 48.5
31.9 12.3
95.7 79.2
64.6 13.9
6.6 18.0
20.2 28.4
60.3 21.7
94.3 46.3
71.0 20.0
8.9 44.4
47.5 73.8
62.8 5.7
67.2 77.8
98.2 80.5
91.1 69.5
87.7 75.5
16.5 17.8
74.6 52.4
87.3 74.7
99.0 38.6
83.8 74.5
21.4 21.3
33.6 35.3
41.1 3.4
51.9 46.1
10.2 18.0
75.6 91.5
5.2 43.1
71.9 10.1
90.0 62.3
9.4 85.0
50.7 18.4
89.7 72.7
47.7 31.9
63.6 50.9
31.6 4.9
35.6 4.4
25.0 89.2
48.4 86.1
32.5 7.1
3.0 71.1
73.6 93.9
77.3 70.2
69.5 31.6
11.9 43.2
20.3 5.1
26.8 40.0
86.4 8.5
19.8 90.9
61.5 87.6
23.3 86.2
76.7 56.4
43.7 32.8
23.1 72.7
12.2 22.9
3.6 78.0
90.9 58.6
9.9 93.5
20.4 0.9
76.8 95.5
18.8 55.5
24.8 80.9
92.2 75.8
0.3 51.8
36.2 87.8
43.9 52.6
71.3 76.3
26.0 95.1
24.1 87.7
62.1 9.6
18.6 77.8
91.9 33.9
82.8 51.1
57.1 29.9
14.5 49.6
48.6 14.0
21.7 38.7
23.9 10.5
61.8 29.0
96.0 46.3
65.8 52.6
33.4 89.0
9.5 6.5
40.6 25.4
58.5 21.0
5.4 42.5
84.6 52.2
96.6 40.5
68.6 91.3
27.0 29.6
23.3 97.2
39.9 25.9
14.7 20.0
76.0 83.7
6.0 30.0
10.0 33.2
81.6 17.2
59.4 59.8
94.3 95.8
10.8 92.6
5.4 77.9
4.7 32.4
87.9 76.9
94.7 26.6
1.7 37.4
57.0 61.1
90.4 3.1
71.9 68.3
89.6 52.8
3.3 90.9
52.2 22.4
10.7 57.6
69.8 89.8
53.0 71.6
51.4 55.6
98.6 80.4
20.7 67.6
2.4 15.0
23.1 8.3
86.0 93.0
17.8 52.4
11.0 89.1
87.1 72.5
8.1 37.9
9.4 70.7
57.6 34.4
17.1 42.5
67.9 19.1
10.0 58.0
53.3 40.0
42.4 19.1
62.7 59.7
28.9 28.5
92.7 29.7
58.5 87.7
45.2 44.3
33.1 6.9
87.8 71.4
75.7 83.0
32.0 20.0
41.8 77.4
28.4 88.0
50.6 1.5
27.4 27.1
20.3 30.5
13.4 24.2
69.8 28.7
34.6 91.7
33.9 90.8
7.7 9.7
54.0 90.4
96.2 86.5
95.3 67.7
60.1 76.1
1.5 89.8
12.0 61.1
51.4 71.7
52.1 13.8
52.2 98.3
62.7 7.0
24.8 7.9
49.0 83.9
38.4 77.0
83.0 70.6
78.6 48.7
51.0 51.1
52.8 13.3
93.6 45.3
85.9 24.2
20.1 8.2
97.3 36.7
72.9 13.9
78.1 24.0
26.1 7.9
69.4 47.7
4.0 41.8
64.0 95.2
46.1 92.8
56.4 26.2
5.1 20.3
95.9 66.9
49.9 8.9
35.4 94.7
30.2 21.3
17.1 43.3
53.1 23.3
26.6 71.8
15.2 12.3
13.2 30.8
25.3 93.9
8.9 92.2
14.8 26.3
15.4 36.8
77.7 9.4
22.9 85.3
41.1 29.6
24.5 76.6
80.9 23.8
91.3 88.7
84.8 99.3
21.5 70.6
18.6 44.1
84.5 43.7
18.8 97.3
6.2 45.8
75.4 47.5
51.9 56.1
47.5 61.8
99.2 1.6
55.7 95.7
6.4 76.4
73.7 70.6
86.0 48.4
34.4 89.5
36.4 5.3
87.4 99.7
80.3 83.4
78.0 82.2
50.6 27.7
82.3 90.5
51.9 61.3
21.7 41.4
48.0 95.3
70.9 2.2
44.4 76.9
53.3 56.9
42.9 15.0
33.5 76.6
71.6 84.8
62.1 99.3
31.4 71.4
49.3 37.0
63.4 42.2
5.6 99.7
61.0 48.6
58.3 13.6
2.1 65.0
21.3 41.7
13.1 88.5
59.1 55.7
39.8 26.3
44.0 43.9
59.4 98.9
23.6 76.0
14.5 12.2
1.9 96.7
66.1 18.5
40.9 79.2
50.5 82.4
33.0 79.8
47.8 73.2
47.4 81.0
10.1 89.6
30.5 77.3
87.3 86.1
40.3 63.2
93.9 43.4
62.1 13.8
25.0 25.4
37.8 90.5
50.0 81.6
39.6 45.1
32.1 21.8
84.6 26.1
8.6 20.7
15.4 6.4
94.9 7.1
64.8 20.3
8.6 21.3
68.6 81.7
87.4 30.3
38.9 17.5
66.4 82.9
20.1 47.4
85.7 80.7
80.8 62.0
57.1 1.6
41.4 15.4
99.7 79.6
30.6 80.2
49.5 27.8
77.7 36.6
22.9 21.3
95.9 86.3
81.8 1.2
19.7 21.1
80.8 41.2
92.8 12.4
3.5 48.2
38.9 55.9
37.2 76.7
78.4 52.2
27.9 69.8
17.2 69.7
16.1 78.6
39.6 63.2
28.9 82.7
19.2 72.1
15.3 47.5
23.7 99.7
92.7 14.8
51.1 59.2
99.0 85.0
1.1 67.2
47.0 75.9
94.3 10.6
7.4 55.5
86.8 26.9
63.4 56.7
28.6 19.4
26.2 64.3
33.1 38.1
96.3 63.7
70.5 1.9
82.4 78.6
9.4 33.4
71.4 68.4
7.2 1.6
14.5 62.4
28.8 73.4
97.1 48.6
93.3 88.7
55.4 19.7
72.7 86.0
99.3 63.6
47.4 43.6
64.0 12.1
69.7 15.9
55.4 60.4
45.4 3.0
8.2 41.0
3.5 59.2
51.6 22.8
77.1 80.1
91.6 66.9
53.3 15.9
48.9 70.8
63.2 42.1
68.9 31.7
61.2 13.8
67.4 95.9
88.1 81.6
12.3 99.2
98.6 80.3
1.6 31.4
12.2 38.3
23.9 10.6
81.5 8.3
19.4 73.8
79.5 39.6
72.1 3.9
94.3 12.7
29.1 32.8
44.6 57.5
75.4 21.8
18.9 36.3
3.7 71.1
14.6 63.4
18.6 36.4
4.5 68.0
54.8 94.0
96.6 53.4
81.6 31.4
1.1 71.5
20.7 36.6
98.7 37.7
43.9 5.8
93.9 12.5
34.9 72.4
64.0 4.1
76.0 48.9
81.6 67.4
92.3 39.9
58.8 38.6
34.0 69.4
78.8 83.2
10.0 11.8
74.1 69.0
62.9 38.3
9.7 85.0
46.7 12.9
51.4 52.0
82.0 58.8
57.3 76.7
91.8 9.1
88.3 74.2
87.7 4.4
10.3 40.9
80.1 94.6
67.3 23.4
65.3 28.7
97.2 82.6
68.0 27.4
67.9 83.3
85.3 36.7
65.5 63.0
83.9 95.9
93.1 30.9
46.9 29.0
5.9 86.1
84.9 88.9
12.8 47.6
51.2 75.1
45.9 29.7
68.1 33.6
77.4 29.9
73.4 69.4
15.8 80.9
28.7 53.0
95.7 61.9
14.7 81.9
97.9 17.7
42.0 50.6
32.1 97.9
45.0 5.8
96.5 32.5
33.6 37.7
4.9 30.2
20.9 40.4
38.6 16.7
94.6 83.6
35.5 10.1
82.4 23.1
81.7 80.1
16.9 56.8
28.4 91.2
29.4 61.8
91.1 68.6
25.2 28.5
66.6 68.6
75.3 43.6
71.1 80.5
32.5 75.3
52.5 14.4
74.4 99.9
46.1 37.2
99.1 99.9
13.9 88.6
28.8 29.8
95.9 8.1
78.5 11.5
1.9 59.6
54.2 66.8
36.5 25.5
75.5 85.0
75.0 51.8
1.8 41.7
71.5 51.9
8.4 64.7
64.7 64.6
83.2 36.9
42.2 43.3
64.7 61.3
64.4 26.4
6.6 31.7
90.5 59.2
38.5 14.7
59.9 84.6
92.3 61.7
64.7 85.5
48.6 30.6
1.7 52.6
87.6 99.8
77.8 2.0
94.1 4.6
17.9 74.9
72.9 23.7
83.9 36.2
46.9 65.6
90.7 85.1
72.0 4.8
13.9 29.2
9.2 7.3
95.9 93.9
58.7 10.0
69.3 91.9
26.4 64.1
98.7 45.9
4.1 25.2
12.0 49.8
92.3 5.8
59.3 89.0
24.3 84.6
41.4 57.7
8.8 80.5
68.0 73.9
6.8 72.2
75.8 17.2
96.4 62.2
3.8 34.2
15.3 88.1
32.3 81.6
47.0 33.7
33.2 94.8
11.6 61.0
41.4 45.2
32.0 63.1
16.6 22.7
17.5 99.4
91.7 41.0
85.8 14.6
41.1 48.4
2.2 8.9
2.9 47.4
87.7 27.9
28.8 7.6
89.1 23.2
58.6 13.8
27.1 12.5
80.0 77.6
89.5 21.1
53.7 25.5
74.1 96.5
8.4 12.5
80.3 72.1
83.4 53.3
1.9 11.9
79.6 59.9
10.4 48.7
57.8 54.3
13.4 63.5
68.3 6.7
11.9 92.5
44.2 95.9
79.2 98.5
28.5 17.8
49.4 93.0
40.2 0.9
86.1 84.5
19.3 81.9
95.9 92.7
72.1 39.4
3.0 86.6
15.1 40.9
16.9 21.4
77.5 42.6
40.8 61.6
3.5 26.4
23.0 28.7
98.1 64.5
65.6 50.1
4.7 33.3
11.6 52.5
6.3 18.3
97.6 10.4
72.5 0.7
20.9 72.8
10.3 58.4
87.6 14.4
12.7 83.4
36.5 13.8
69.7 72.6
97.8 25.4
76.0 27.7
41.6 68.5
72.1 51.5
50.0 23.1
75.1 59.3
18.1 81.4
7.4 74.9
42.0 88.1
35.4 63.0
9.8 28.8
74.8 69.4
40.1 19.6
66.5 92.6
53.2 91.9
41.4 29.0
52.2 39.8
5.9 99.0
25.1 63.3
1.4 14.6
24.8 97.7
29.4 55.7
82.4 2.0
62.3 6.0
51.3 41.2
16.5 10.6
43.5 12.8
54.2 66.2
9.5 55.8
45.6 4.6
36.2 68.2
0.3 48.5
65.5 19.3
41.0 72.4
97.4 56.6
69.9 51.6
24.5 93.1
68.7 52.2
5.9 0.2
51.9 73.0
99.4 54.2
18.0 49.0
38.2 77.6
10.6 12.4
7.8 15.9
55.1 21.1
53.2 47.9
92.8 1.7
16.2 98.5
0.1 58.6
59.5 24.9
27.3 75.1
61.9 6.3
45.1 6.6
76.9 86.0
46.7 87.0
27.5 47.5
67.4 44.8
92.5 46.3
18.4 55.3
18.6 84.7
89.8 35.8
5.4 23.6
4.4 82.1
68.7 86.2
59.2 53.3
31.7 44.2
67.8 14.1
9.8 64.1
54.4 25.5
25.0 34.8
63.9 27.1
12.8 55.4
4.6 6.9
48.2 89.9
46.5 92.5
32.3 41.0
86.1 59.4
17.1 45.1
78.7 29.3
33.6 2.2
60.4 0.1
2.3 82.6
66.9 5.9
98.2 1.9
88.1 47.8
54.1 74.6
18.4 38.8
50.1 83.9
8.0 69.6
55.0 52.9
16.9 71.6
40.1 62.1
32.8 22.5
65.9 33.4
61.8 63.8
69.7 65.2
17.2 43.1
23.3 81.4
91.3 12.4
66.9 84.4
23.8 58.2
91.3 67.1
26.7 53.1
49.7 47.4
73.6 65.9
46.8 30.5
40.1 51.0
35.2 99.5
30.9 5.1
30.6 89.9
41.8 15.0
1.2 56.3
44.3 97.0
87.9 74.2
51.0 77.5
93.0 21.9
91.7 66.6
91.5 68.1
50.4 95.6
72.0 97.8
49.3 82.9
92.2 10.7
47.0 88.3
42.4 31.9
75.3 17.4
42.3 87.9
0.9 74.9
47.4 82.3
66.9 65.9
21.7 24.1
23.3 54.7
40.1 18.9
65.6 33.5
98.6 69.7
42.9 88.6
2.6 30.9
12.1 70.0
63.4 97.2
45.6 40.6
35.3 82.8
71.2 56.3
24.2 77.3
50.2 91.0
13.5 20.7
51.9 27.6
4.0 2.4
35.2 98.5
56.2 55.2
31.2 3.3
95.1 92.2
65.5 47.0
70.5 92.5
37.7 93.5
48.9 5.7
67.5 74.1
49.3 86.5
3.1 81.1
8.7 60.1
64.0 59.8
16.4 25.0
42.3 46.5
72.0 79.5
29.0 6.1
9.9 37.5
0.1 9.6
38.9 54.0
86.7 12.3
37.9 87.2
59.2 1.1
38.2 13.0
65.2 63.4
42.6 50.8
31.3 88.9
76.8 27.9
78.7 99.3
1.6 20.2
56.8 96.9
52.2 22.5
77.8 81.2
17.5 54.8
40.3 69.3
63.3 17.6
83.3 39.1
36.7 19.9
24.0 98.0
94.7 79.2
95.3 28.1
46.2 69.1
67.6 50.5
76.9 80.4
70.8 85.6
81.0 21.6
84.5 29.0
9.0 88.4
92.0 14.6
66.4 26.1
6.2 79.9
4.7 52.3
66.1 31.0
27.6 59.6
71.4 10.9
34.2 46.5
26.1 29.1
6.2 16.1
25.4 57.7
13.0 2.7
90.9 29.2
23.2 59.4
35.3 76.0
2.0 98.0
10.1 69.1
7.1 94.0
55.9 37.2
49.5 25.8
87.8 93.1
39.3 68.5
71.2 0.9
14.4 11.3
39.1 81.2
96.6 65.6
87.7 20.2
36.4 72.4
15.9 89.4
73.6 37.2
25.8 50.0
25.8 62.9
13.6 25.2
50.8 17.0
39.4 9.2
29.1 35.6
19.1 24.2
32.0 88.7
68.1 55.2
25.1 15.1
49.0 47.4
93.6 6.4
87.1 75.1
53.7 78.6
71.0 75.1
68.5 73.2
25.5 98.9
56.3 6.9
90.0 21.4
86.7 61.3
89.9 54.8
40.1 4.0
57.5 36.3
37.9 98.2
21.7 81.6
7.3 94.4
48.6 58.2
64.6 73.5
83.1 61.5
52.0 77.5
51.2 79.0
74.4 19.3
52.9 100.0
67.8 12.6
57.5 39.4
24.2 53.1
60.0 94.1
15.8 17.3
2.3 59.3
33.7 88.5
27.9 52.8
63.1 73.0
75.7 54.2
79.4 91.9
47.9 22.4
37.2 26.0
2.2 84.1
7.4 4.1
84.9 88.3
18.6 94.2
96.3 6.7
52.9 37.8
44.1 64.3
55.3 14.7
2.4 67.6
50.4 20.2
25.3 17.9
71.6 47.7
19.4 36.5
96.7 79.6
44.3 77.7
76.2 2.1
91.4 20.0
73.2 81.7
94.8 18.9
1.1 83.0
20.0 38.2
47.5 0.4
9.0 70.6
21.0 20.2
90.5 86.2
82.5 14.6
80.8 53.5
19.4 35.1
81.8 54.3
82.6 42.1
58.0 50.3
19.7 93.0
8.1 55.4
35.5 28.1
61.4 38.5
88.0 8.6
76.3 82.5
23.8 3.6
95.1 10.2
73.1 81.0
67.2 1.5
93.1 13.0
57.6 65.5
86.7 15.3
79.6 34.7
79.7 17.3
87.1 93.2
69.2 41.2
16.8 65.8
30.5 80.3
89.7 83.1
70.3 88.1
75.4 12.8
27.0 7.6
69.9 44.0
41.5 31.3
77.8 50.1
13.2 89.2
64.6 34.6
46.4 99.5
76.8 7.8
3.7 76.0
75.0 5.1
27.9 39.0
35.9 18.7
7.8 44.7
63.0 44.9
22.4 42.3
91.6 99.1
71.0 68.0
38.1 35.2
4.6 35.7
29.5 64.7
85.4 53.2
72.9 64.2
63.0 76.5
10.0 74.7
57.7 99.9
94.4 49.0
50.1 21.7
41.1 94.9
73.1 59.7
67.3 39.5
24.7 11.8
79.0 90.8
12.2 95.7
59.5 83.5
40.6 31.5
82.1 28.1
22.1 81.5
3.0 84.5
73.5 60.1
95.4 77.9
66.0 67.4
28.1 72.5
61.1 84.7
15.4 5.4
42.4 96.6
82.4 73.4
77.4 43.7
1.3 28.0
17.7 76.7
32.1 23.7
45.7 73.8
76.2 77.9
60.7 94.4
18.1 94.5
30.5 55.0
52.1 93.1
15.2 53.1
84.2 58.8
95.1 72.9
42.1 61.0
22.0 47.9
1.9 54.8
59.9 7.0
4.4 40.2
47.9 3.5
16.9 45.9
68.5 56.0
55.8 9.2
9.4 0.3
46.9 76.5
56.5 89.0
56.1 62.7
58.9 37.5
32.3 23.5
90.8 88.6
2.5 20.1
3.5 76.9
65.6 89.2
64.4 89.8
3.5 8.4
91.9 34.5
6.5 31.1
30.0 24.6
74.1 61.7
89.2 37.6
0.7 19.7
9.1 60.2
79.1 79.9
67.8 78.1
97.7 47.8
36.8 40.4
22.5 99.5
77.1 27.7
81.5 76.2
44.0 52.2
54.8 5.7
84.6 93.2
74.4 93.1
93.5 46.6
96.7 46.6
99.9 56.2
23.5 48.6
71.3 90.4
69.0 39.7
29.2 74.4
88.3 9.4
64.8 25.0
28.6 50.2
65.0 46.1
18.7 92.2
8.1 85.5
64.3 89.3
7.6 42.2
44.5 23.4
24.3 6.6
75.5 75.5
41.4 15.6
59.6 92.8
29.7 27.1
23.1 29.4
77.9 27.2
32.0 55.0
32.3 31.5
99.6 31.2
36.6 40.6
85.1 48.7
98.0 86.6
99.9 10.9
26.0 42.0
92.4 32.3
68.9 31.6
80.0 40.0
36.4 3.2
72.4 85.8
59.1 1.2
33.7 22.4
29.7 84.8
74.8 54.1
65.9 8.4
10.5 69.3
37.2 20.6
34.3 43.6
74.4 33.7
53.8 36.8
36.9 27.0
70.5 64.1
15.6 48.2
12.7 17.4
70.1 27.4
5.5 97.0
0.3 17.6
40.2 82.8
1.5 87.2
46.0 45.8
72.2 97.3
91.9 36.7
33.6 86.6
68.4 28.9
33.5 34.0
24.4 0.6
23.5 26.0
30.2 96.7
50.1 62.9
60.4 40.2
5.1 56.1
61.2 52.3
39.3 21.4
14.2 17.5
58.2 80.9
10.4 12.6
99.5 20.8
80.4 63.6
63.2 37.2
52.0 57.5
70.0 71.8
45.6 7.1
25.2 52.4
1.3 13.7
16.0 25.7
43.1 5.1
25.8 80.7
38.1 9.5
85.9 38.7
81.1 79.0
88.5 29.9
1.5 71.5
47.7 12.0
29.9 62.8
27.3 67.5
36.7 54.4
9.3 21.5
9.0 21.7
6.4 82.7
56.7 81.2
94.9 95.4
34.3 24.7
90.8 38.7
92.8 90.7
13.7 58.8
94.9 78.5
9.6 74.6
67.9 47.2
18.3 35.2
3.9 79.8
91.6 22.0
8.7 57.1
80.6 94.6
75.8 20.0
89.3 90.4
64.3 97.9
49.3 84.8
2.5 79.1
68.7 58.5
93.2 59.1
0.7 58.6
69.3 13.6
18.1 83.1
99.7 34.1
55.4 75.2
80.5 51.7
60.5 6.2
17.7 95.7
14.0 52.4
80.2 11.9
58.3 20.9
47.5 84.1
78.7 94.1
25.0 80.2
2.9 95.6
7.3 33.7
49.1 43.1
18.1 83.3
95.6 45.0
25.3 24.1
57.2 66.9
40.0 75.9
94.3 24.7
21.6 92.1
21.2 88.3
91.0 27.6
53.2 51.4
24.0 89.6
54.8 58.4
98.3 7.1
53.4 91.7
47.7 3.7
8.8 89.1
43.7 5.9
87.7 12.2
18.5 27.3
82.7 84.0
10.9 97.3
2.6 73.4
15.8 28.9
70.2 15.0
94.7 33.2
66.7 89.0
7.8 45.7
6.5 46.7
16.8 24.5
21.9 89.1
2.8 97.2
89.5 48.8
58.3 96.0
97.1 6.6
83.7 89.0
29.3 33.7
31.6 63.2
76.1 43.5
84.6 90.7
8.3 32.3
2.8 11.7
81.7 14.6
59.3 31.7
23.5 98.9
21.4 100.0
83.7 25.5
72.1 79.6
51.8 51.9
33.1 80.1
90.4 69.5
65.5 64.1
63.7 92.7
4.6 86.7
39.8 85.9
34.0 14.9
9.2 2.7
57.9 23.0
84.3 79.3
55.9 98.7
68.6 50.6
64.7 17.9
53.6 72.1
46.0 33.7
80.6 95.0
98.6 13.5
91.7 23.2
23.5 41.2
35.1 71.0
11.5 34.6
82.6 32.2
68.9 4.4
25.4 66.5
18.0 79.3
16.8 75.0
53.4 7.6
61.2 11.2
18.2 1.2
94.5 34.6
88.2 6.0
17.1 39.7
73.0 29.5
50.5 15.6
6.8 34.7
94.2 91.6
23.8 46.4
30.5 95.2
80.7 31.8
93.3 20.7
32.1 38.1
39.2 65.2
9.7 31.4
42.6 38.3
92.0 40.2
38.3 41.3
89.2 4.1
56.2 16.3
53.1 15.5
90.9 70.7
41.0 2.3
81.4 58.1
76.0 24.0
28.8 48.7
42.0 30.1
49.4 50.6
62.8 85.5
28.6 30.8
49.4 51.3
67.1 46.3
59.3 68.7
76.8 79.4
3.1 17.8
55.4 77.0
93.7 4.7
50.2 37.4
85.8 10.9
98.4 77.4
92.4 9.5
85.9 74.7
24.5 68.8
22.1 40.9
22.6 26.5
11.7 40.7
86.9 51.1
14.2 84.9
28.9 69.1
73.9 16.2
72.2 93.5
22.6 54.9
6.9 86.1
37.6 6.3
35.5 92.4
39.8 77.1
67.5 28.2
7.9 15.8
30.2 65.6
88.4 79.0
26.6 79.9
5.3 82.0
9.5 8.9
41.6 57.9
88.2 75.1
16.0 84.5
1.3 2.3
76.5 34.7
45.1 98.1
49.9 63.3
48.7 88.2
69.2 44.7
85.5 61.1
37.2 39.1
19.4 94.2
53.4 12.9
65.0 85.4
40.0 6.4
22.3 58.1
40.4 64.9
4.6 55.4
84.4 41.3
81.3 1.0
97.5 52.5
20.4 6.0
45.3 44.4
46.0 24.9
70.2 10.0
11.9 89.2
44.0 5.8
66.3 41.1
31.3 70.6
5.6 82.9
78.1 0.6
16.7 92.4
48.2 15.8
87.6 98.3
97.3 55.9
21.9 26.5
0.4 4.5
92.4 6.9
34.8 43.7
13.1 88.1
9.8 77.5
98.8 13.7
75.8 13.3
5.6 4.8
21.5 83.2
71.1 14.5
58.5 58.2
82.7 18.9
92.3 43.0
42.1 17.8
44.9 1.0
32.9 53.7
24.4 85.5
55.7 83.9
46.9 70.8
84.2 10.6
38.1 22.3
58.9 94.9
64.6 20.9
29.2 4.1
11.1 39.9
30.3 56.6
8.2 80.8
2.2 47.2
60.4 20.0
39.0 24.3
65.4 21.7
16.7 67.4
52.9 76.7
78.2 11.8
83.8 89.2
8.8 9.8
67.9 26.7
9.5 14.4
13.0 24.4
84.7 94.0
57.3 89.3
93.9 88.1
14.8 74.3
13.8 29.5
63.8 8.6
17.0 12.1
22.5 74.6
49.9 50.4
32.9 60.7
36.7 0.1
49.4 53.2
87.5 58.9
38.9 16.9
90.2 75.5
32.9 85.3
62.0 65.3
46.3 46.4
58.0 54.2
96.6 33.4
78.1 85.8
50.0 96.7
46.0 24.5
36.4 40.5
52.4 98.7
6.5 18.5
90.2 14.5
88.5 99.8
47.0 5.0
14.6 14.0
68.1 34.5
66.3 39.0
14.9 95.6
17.0 74.9
20.2 78.4
58.6 55.1
46.8 51.5
82.7 41.8
28.8 8.2
47.8 32.4
51.1 94.5
39.0 66.8
79.7 80.3
92.2 74.9
52.2 23.3
19.6 39.5
78.4 41.9
95.0 81.7
16.8 25.1
27.9 16.8
56.7 75.8
97.4 60.0
74.9 91.5
32.2 39.3
92.1 55.3
76.4 20.3
60.0 35.3
72.6 78.1
29.8 96.9
35.8 98.9
98.9 71.9
30.1 68.0
44.4 9.9
32.7 87.6
89.0 49.2
42.1 21.4
66.5 45.1
53.7 44.3
90.0 99.5
65.4 8.0
90.6 31.1
11.7 13.8
91.0 78.5
32.5 31.9
97.1 64.9
30.6 39.7
46.4 95.6
65.5 70.8
21.9 76.6
89.1 88.0
66.5 40.7
47.3 0.6
72.7 32.6
45.1 39.5
49.7 59.0
10.9 25.1
61.8 20.3
92.3 60.2
66.4 85.8
59.1 87.9
69.4 62.0
51.6 32.1
70.7 22.8
22.1 3.0
81.9 89.0
83.2 76.2
27.1 32.2
33.7 2.8
86.2 44.2
54.4 9.3
71.4 65.1
51.9 65.0
44.6 6.5
43.9 93.4
92.5 19.4
25.5 59.1
1.8 33.9
72.6 4.4
25.5 38.2
77.6 35.0
32.5 6.1
87.1 11.1
31.5 1.0
12.6 3.8
79.0 41.9
68.6 34.8
39.3 28.1
61.6 51.5
71.4 97.4
32.6 59.4
94.5 13.5
40.1 68.2
22.9 80.6
70.7 18.6
52.7 14.4
12.6 96.5
16.2 80.0
54.6 67.4
65.8 26.1
22.7 40.1
97.7 33.5
84.3 19.4
17.4 85.1
31.6 94.0
96.9 36.6
51.0 58.2
45.1 13.5
80.8 87.8
91.1 25.7
41.9 36.6
98.9 22.0
44.9 30.4
56.3 42.1
79.8 68.7
40.9 49.2
57.8 94.6
93.5 78.6
77.9 58.4
53.0 63.4
65.9 93.6
16.6 95.8
81.5 7.6
48.2 75.6
38.8 74.3
82.7 27.8
18.6 2.3
52.1 84.3
42.1 48.5
0.3 81.5
72.9 18.1
32.3 19.5
29.5 25.8
15.0 60.6
32.1 7.0
69.1 5.3
16.8 44.2
66.5 46.8
78.6 5.7
76.8 97.6
39.4 2.8
40.6 39.0
99.4 69.8
49.2 28.8
12.8 28.1
91.7 32.0
82.0 97.1
53.3 12.8
99.4 8.1
67.3 86.9
48.2 60.8
43.9 8.6
2.2 89.0
28.9 20.2
84.0 76.9
9.8 32.9
44.0 80.6
94.2 83.5
10.6 58.6
32.2 36.3
25.5 40.0
74.3 36.5
98.3 0.9
49.0 7.8
3.0 19.4
18.7 13.4
51.5 95.8
68.1 0.6
48.9 52.3
0.7 44.6
40.5 51.1
63.4 11.2
92.0 40.6
25.9 87.0
71.4 27.9
30.4 25.8
42.6 48.4
89.4 40.5
87.1 55.9
38.8 22.9
64.7 92.9
68.3 27.3
25.3 8.1
20.0 33.5
52.8 53.8
56.2 95.7
66.4 75.5
89.5 67.1
64.2 99.8
25.2 0.3
75.9 30.1
30.0 54.5
98.4 27.6
30.9 25.4
96.2 15.0
38.3 56.3
76.4 68.2
62.0 19.5
58.6 65.5
86.8 72.1
26.6 94.8
42.2 46.8
99.9 59.9
39.3 98.9
24.4 79.2
60.8 1.0
53.2 64.3
22.0 48.3
70.5 82.5
14.5 72.5
16.0 32.6
29.3 60.0
70.1 66.7
39.1 75.6
79.0 64.8
0.4 81.9
20.2 45.9
45.8 94.3
3.9 11.4
64.6 80.1
93.1 58.0
55.4 22.9
56.9 69.3
87.4 76.4
90.2 46.5
68.2 75.8
29.3 13.1
46.5 24.8
44.1 57.2
20.4 88.2
4.4 65.7
61.6 95.9
9.4 23.6
43.1 43.6
21.2 96.7
40.4 57.7
78.4 36.2
77.2 76.8
6.1 58.8
70.0 94.1
73.9 57.7
41.1 72.3
31.2 52.3
81.4 28.2
86.5 69.0
3.4 21.6
49.4 31.0
61.1 15.2
59.9 95.5
39.5 90.2
82.9 80.7
24.1 18.9
83.6 9.7
79.2 7.0
32.3 44.7
83.6 82.2
58.5 38.2
14.2 41.8
1.7 54.8
65.8 97.9
93.6 95.7
73.8 54.7
23.2 90.1
45.8 79.2
31.4 76.4
2.4 83.9
77.4 47.1
35.3 82.0
79.9 88.6
58.7 16.3
14.6 17.6
80.4 47.3
14.0 48.3
64.9 90.0
0.4 88.8
18.1 86.0
44.0 41.5
57.6 6.5
27.0 41.4
53.0 86.3
35.9 99.1
60.5 53.1
34.6 43.7
26.5 43.8
68.3 39.9
69.2 22.8
19.2 26.7
65.1 48.5
11.7 45.9
28.8 98.8
34.9 84.7
99.3 73.3
81.7 45.5
51.3 2.2
20.2 96.2
49.9 84.7
0.7 11.3
18.5 88.1
4.3 97.2
81.2 44.7
31.7 23.8
41.3 83.9
3.5 31.2
50.8 27.8
0.2 56.5
69.4 59.9
23.5 79.1
40.4 65.4
41.4 38.8
5.5 6.4
47.2 61.1
91.2 14.4
65.2 10.9
19.3 98.7
25.1 34.1
6.6 7.0
93.6 92.5
37.8 70.4
13.2 73.5
98.8 8.8
54.6 95.3
21.4 57.3
40.1 2.4
7.9 98.9
18.2 72.6
99.7 40.5
22.8 31.7
75.5 35.1
60.7 65.4
71.0 90.8
50.9 52.6
48.9 18.4
88.6 31.3
42.5 39.9
72.9 6.6
40.2 39.3
10.5 93.1
59.1 82.6
40.7 99.6
78.5 51.0
16.2 46.4
68.0 21.3
22.7 89.4
18.7 58.0
93.3 18.7
23.6 94.6
14.2 78.2
11.3 42.4
82.8 35.0
51.4 20.8
55.9 96.3
30.2 72.9
14.0 81.0
2.1 70.6
66.7 66.1
91.2 20.1
97.1 27.5
91.7 79.9
75.9 98.5
10.4 5.7
37.4 87.4
4.8 59.4
29.3 89.5
28.7 97.1
39.8 49.6
62.2 6.6
73.5 49.6
5.5 4.5
18.4 68.4
31.1 58.7
46.8 3.6
34.7 33.6
16.1 71.9
58.2 58.1
24.3 2.0
35.6 28.1
66.1 52.8
45.6 15.0
73.8 76.8
67.4 0.6
79.5 59.5
32.1 17.7
86.5 99.0
82.6 21.9
36.9 96.6
55.9 92.8
37.9 47.4
73.9 43.5
21.9 80.1
30.5 99.1
5.2 66.5
13.0 64.6
8.4 82.9
86.6 25.6
73.0 88.5
89.9 23.3
42.0 53.2
16.9 13.2
31.9 7.9
36.6 24.7
99.1 33.0
54.4 49.2
88.6 46.5
64.5 65.2
43.7 40.8
1.5 9.6
34.8 70.6
10.7 71.5
70.6 0.1
88.0 57.9
39.0 47.9
72.0 33.9
73.5 46.8
21.5 29.0
77.1 64.1
34.0 18.8
97.4 5.1
81.6 24.1
29.4 15.9
34.8 71.3
95.4 59.4
24.7 0.6
61.3 38.3
54.2 14.7
72.3 73.8
96.7 5.2
75.1 35.3
48.8 15.2
99.3 94.4
37.1 97.4
41.9 51.7
58.9 10.2
18.3 75.3
82.3 17.2
2.7 70.8
52.6 67.3
23.6 34.2
1.7 65.7
95.5 30.9
95.2 69.9
27.8 78.0
26.9 32.8
95.3 23.0
25.8 10.8
19.5 52.6
38.9 38.1
40.1 40.2
77.4 82.5
80.6 86.0
9.3 21.9
11.7 66.3
18.4 58.7
96.8 66.1
40.8 73.3
99.7 57.7
78.6 82.8
94.4 72.0
89.4 37.9
72.5 1.6
96.7 25.7
40.7 81.3
83.2 49.0
61.8 99.9
25.4 98.1
61.4 53.4
15.0 90.2
16.1 41.9
31.8 65.3
34.8 64.7
34.9 88.2
61.8 85.7
87.0 20.4
19.8 1.1
47.9 12.1
66.7 65.4
99.0 6.1
47.5 16.8
3.8 12.6
14.7 82.2
69.9 29.4
17.9 24.8
55.0 0.6
92.1 17.6
9.3 66.4
79.8 18.1
19.7 33.1
84.0 27.1
49.5 68.2
14.0 38.1
34.1 16.2
64.7 96.6
27.3 8.4
73.7 62.4
97.7 83.8
21.8 91.4
69.7 29.6
65.6 43.9
0.8 89.7
94.4 64.6
64.9 51.5
6.7 53.6
64.6 92.7
42.7 48.9
71.0 91.6
53.9 54.2
77.2 32.6
78.8 5.7
59.7 16.0
0.9 65.1
71.6 8.0
26.1 32.4
87.0 21.7
76.7 73.9
47.6 11.5
47.1 84.7
19.7 60.3
33.8 4.5
85.4 70.0
78.8 81.2
86.3 80.0
92.6 17.8
83.2 80.2
11.5 83.5
16.6 95.4
75.6 38.8
83.6 45.9
80.5 23.0
22.4 95.1
91.4 64.8
89.2 11.3
42.0 95.3
91.0 86.5
62.0 58.2
23.0 8.7
34.3 21.8
11.0 93.5
56.5 56.7
17.9 14.0
39.8 45.5
67.3 1.0
36.9 97.7
42.9 68.1
30.1 87.9
40.2 4.7
72.5 56.7
45.3 48.8
85.5 17.3
98.7 94.8
34.4 93.0
36.5 0.6
41.1 41.3
96.9 41.0
99.7 18.5
87.8 18.3
8.6 33.5
53.1 63.6
72.1 67.6
57.9 58.4
33.6 59.3
15.7 32.2
75.3 28.3
3.8 29.1
95.3 83.1
78.5 15.4
83.2 91.8
79.3 83.7
94.1 98.8
70.7 26.1
61.4 87.8
12.4 67.7
98.5 2.6
93.3 3.7
61.0 79.7
86.1 31.3
49.7 95.2
17.6 88.4
5.5 13.8
54.5 42.7
57.7 20.3
64.4 76.3
49.1 57.7
55.8 36.7
19.8 92.3
48.1 48.0
56.3 97.9
24.5 62.9
21.6 28.0
33.4 33.6
18.9 50.2
33.3 61.1
88.9 31.4
82.3 73.5
61.7 11.6
92.7 58.2
69.8 81.3
58.5 69.3
7.9 54.3
73.4 20.6
23.3 2.9
50.9 54.9
22.9 77.1
39.2 61.0
53.5 92.9
2.6 61.8
65.1 96.5
38.5 27.0
4.2 46.8
46.8 36.7
67.4 91.2
20.4 29.0
84.3 86.6
96.8 92.5
17.6 69.1
66.7 85.4
7.9 58.9
9.7 4.4
51.2 24.5
33.5 19.9
81.9 76.7
89.2 81.3
77.3 15.9
46.7 24.6
8.4 70.3
90.1 15.4
26.3 30.0
18.4 26.1
50.9 90.0
36.4 97.9
56.5 17.9
64.0 29.5
61.3 23.8
75.9 89.8
17.4 37.7
43.2 73.0
13.8 41.1
42.4 1.6
47.9 83.1
48.8 81.6
96.2 43.8
45.9 3.7
48.3 36.4
41.3 35.7
50.9 46.2
93.8 63.5
42.0 69.3
75.8 24.1
95.6 41.6
14.7 40.6
53.0 65.1
6.0 82.2
73.4 56.6
24.9 72.5
19.9 26.7
59.5 21.9
53.8 55.8
58.4 70.5
41.6 0.8
49.9 23.2
34.9 90.0
11.7 25.4
42.0 41.1
52.5 12.8
72.2 91.9
26.6 97.1
17.7 23.8
78.8 1.7
44.2 76.8
75.3 95.9
92.9 34.8
83.3 15.8
90.2 25.9
11.6 16.1
4.1 19.8
70.5 21.7
63.7 77.2
82.8 56.9
28.0 70.3
75.2 12.7
34.4 50.5
54.9 98.2
54.7 43.8
19.3 32.9
87.9 79.6
84.0 97.2
36.1 12.8
61.7 8.0
45.8 63.5
45.0 9.3
2.0 14.3
25.8 59.3
40.4 39.6
4.9 72.3
70.3 0.8
87.7 40.5
39.5 60.1
95.1 32.1
60.6 34.9
33.9 97.9
38.9 84.7
53.2 15.4
42.4 19.8
44.3 48.6
5.0 79.1
27.4 87.0
36.8 38.5
17.1 50.4
15.3 96.4
34.4 74.9
24.9 71.3
72.2 4.9
8.3 37.4
36.4 89.2
96.0 92.2
61.4 26.7
74.1 25.4
72.2 91.7
85.8 81.5
35.4 29.5
0.3 21.5
9.1 87.0
78.2 84.6
28.0 91.6
91.0 93.6
13.9 56.5
34.6 72.7
38.3 49.6
43.8 0.2
89.2 80.8
40.1 79.4
50.2 38.2
7.3 3.3
55.2 17.3
80.8 46.1
36.2 5.8
8.5 9.9
98.1 69.0
50.0 38.7
44.2 77.1
12.9 77.7
9.6 7.8
22.1 72.3
72.4 69.0
2.0 38.3
18.6 12.5
37.8 65.0
23.7 99.5
56.7 74.3
71.7 43.8
6.2 78.7
66.4 54.8
38.3 76.7
32.0 84.3
12.6 38.4
23.8 74.0
33.6 76.3
55.7 66.3
44.8 93.4
76.8 28.2
24.7 26.6
76.2 5.1
78.4 73.2
5.9 2.9
3.1 43.7
60.4 23.1
5.3 92.6
33.8 92.1
85.4 48.5
44.3 11.3
68.2 28.1
89.1 42.1
25.0 70.6
23.9 45.2
30.9 90.9
52.9 20.1
14.8 34.4
6.0 53.1
58.3 59.7
14.4 28.6
18.4 85.6
25.8 62.2
35.4 57.4
28.1 39.7
29.6 80.4
19.6 0.1
66.9 25.7
30.3 44.4
10.3 99.3
88.1 3.4
44.0 75.8
50.1 93.5
55.7 48.0
54.9 23.5
21.5 64.9
46.0 35.4
0.7 85.7
16.9 57.9
84.1 62.8
78.4 80.4
64.3 3.1
57.1 1.4
19.2 56.5
97.5 18.8
99.6 6.5
34.8 41.2
15.9 98.3
49.7 72.7
69.5 27.3
28.9 72.8
14.8 22.1
30.6 26.8
52.0 43.4
0.1 86.3
41.6 74.5
60.2 18.0
44.6 8.1
25.8 52.4
12.4 74.0
41.8 40.8
10.8 9.1
63.6 94.0
3.0 1.5
68.3 80.7
22.4 4.5
11.4 22.0
88.5 30.2
5.6 26.6
9.7 21.9
24.5 38.4
43.9 89.5
100.0 4.4
74.7 5.8
67.0 77.8
51.2 44.0
90.2 21.6
51.6 52.5
56.5 43.7
31.7 84.6
41.0 69.4
65.5 37.2
57.9 2.8
16.9 35.6
77.1 91.0
48.6 62.6
11.6 85.4
19.2 7.3
77.0 99.6
17.1 84.5
61.1 67.0
49.8 94.1
85.6 45.8
63.3 31.6
70.9 44.1
0.6 30.8
29.0 34.2
32.9 63.0
60.2 61.2
42.5 86.2
3.9 76.3
72.6 88.8
77.4 44.2
45.6 58.8
50.4 55.3
69.5 68.0
69.8 1.2
28.6 67.9
49.7 58.4
5.6 66.9
85.0 74.9
47.6 28.9
97.3 61.0
9.0 39.5
23.4 72.2
99.2 38.3
6.7 42.9
80.9 52.6
46.6 99.6
89.4 77.2
22.3 3.9
38.9 27.7
88.6 15.7
54.5 74.8
97.4 64.4
72.9 59.8
20.1 73.2
20.9 45.7
22.3 61.0
90.3 4.6
79.9 62.1
83.8 13.5
49.9 87.8
94.1 78.1
70.4 32.7
5.3 64.0
49.8 80.9
27.3 4.8
87.5 84.7
46.3 39.7
14.0 80.3
69.1 46.6
22.3 70.8
89.0 17.0
20.7 8.5
50.7 10.7
94.4 30.9
17.3 46.2
37.0 4.3
82.0 46.3
48.9 9.8
69.6 44.4
88.5 94.9
91.1 22.9
99.7 38.1
36.7 54.3
8.5 64.0
71.2 87.9
96.1 86.6
52.5 14.3
24.1 77.8
69.5 11.0
52.0 99.0
36.5 74.7
81.6 97.1
72.4 37.7
72.7 89.0
34.2 34.5
29.1 23.0
57.0 4.6
93.0 15.1
15.0 83.0
84.5 0.3
81.7 34.9
30.8 19.1
17.2 48.2
39.2 0.1
53.9 78.3